{"GapExt":-1.39610000001266598701,"GapOpen":-19.81371397571638226509,"PamDistance":250,"Scores":[[2.35621707886457443237,-0.64385496778413653374,-0.29872753098607063293,-0.29523493535816669464,0.51663567498326301575,-0.20694817090407013893,-0.02337339101359248161,0.51622418221086263657,-0.83505205949768424034,-0.82193154376000165939,-1.18727972963824868202,-0.41140875779092311859,-0.68118470767512917519,-2.30923570459708571434,0.26304468652233481407,1.07828460447490215302,0.59029849199578166008,-3.60702478326857089996,-2.24246904440224170685,0.09890567837283015251,0.00000000000000000000],[-0.64385496778413653374,4.72383969463407993317,0.27516324026510119438,-0.33835803391411900520,-2.18211831385269761086,1.48490399727597832680,0.43345995992422103882,-1.00013572070747613907,0.62394781829789280891,-2.44386699842289090157,-2.21508850948885083199,2.70845349691808223724,-1.69852180313318967819,-3.24205691413953900337,-0.94401023304089903831,-0.17734348075464367867,-0.21763124037533998489,-1.63405849970877170563,-1.81598070543259382248,-1.99382995953783392906,0.00000000000000000000],[-0.29872753098607063293,0.27516324026510119438,3.80262694926932454109,2.15148452762514352798,-1.82857144623994827271,0.69377079280093312263,0.92629743134602904320,0.37517433753237128258,1.20533230016008019447,-2.79972342262044548988,-2.99494082620367407799,0.83796209981665015221,-2.18629368813708424568,-3.05311928829178214073,-0.94928625645115971565,0.88752601575106382370,0.46819876413792371750,-3.63713937345892190933,-1.44431900139898061752,-2.24584485264495015144,0.00000000000000000000],[-0.29523493535816669464,-0.33835803391411900520,2.15148452762514352798,4.72684640670195221901,-3.15061242179945111275,0.93764789775013923645,2.73414058703929185867,0.09898298187181353569,0.42029689904302358627,-3.84478321019560098648,-4.01795317512005567551,0.51585252908989787102,-3.01022396422922611237,-4.54712457954883575439,-0.73393168719485402107,0.46199228987097740173,-0.00616750353947281837,-5.15697764186188578606,-2.75913556106388568878,-2.93779943743720650673,0.00000000000000000000],[0.51663567498326301575,-2.18211831385269761086,-1.82857144623994827271,-3.15061242179945111275,11.49926872970536351204,-2.43983341986313462257,-2.99675459228456020355,-1.97635038709267973900,-1.33656560489907860756,-1.14252014318481087685,-1.46682717790827155113,-2.76324182096868753433,-0.90915452921763062477,-0.77797491895034909248,-3.05601703049615025520,0.11205076007172465324,-0.54675347777083516121,-1.01870910031720995903,-0.48025808017700910568,-0.02089546201750636101,0.00000000000000000000],[-0.20694817090407013893,1.48490399727597832680,0.69377079280093312263,0.93764789775013923645,-2.43983341986313462257,2.72437444236129522324,1.70277274912223219872,-0.98585114022716879845,1.19325384637340903282,-1.89663751702755689621,-1.59206695668399333954,1.54966526059433817863,-0.95105960220098495483,-2.58777941297739744186,-0.21489586215466260910,0.15089189447462558746,0.02692055562511086464,-2.73006911203265190125,-1.72945425519719719887,-1.53804855421185493469,0.00000000000000000000],[-0.02337339101359248161,0.43345995992422103882,0.92629743134602904320,2.73414058703929185867,-2.99675459228456020355,1.70277274912223219872,3.59205320384353399277,-0.82234254106879234314,0.37071202229708433151,-2.67080721259117126465,-2.82164528034627437592,1.19699362618848681450,-1.97958027012646198273,-3.91887326166033744812,-0.46037995861843228340,0.22567172814160585403,-0.08200072031468153000,-4.33870307588949799538,-2.72333158180117607117,-1.90763099445030093193,0.00000000000000000000],[0.51622418221086263657,-1.00013572070747613907,0.37517433753237128258,0.09898298187181353569,-1.97635038709267973900,-0.98585114022716879845,-0.82234254106879234314,6.63815514696761965752,-1.41693486412987112999,-4.45264932839199900627,-4.44234210718423128128,-1.12319828569889068604,-3.45197231322526931763,-5.16062649758532643318,-1.56659184722229838371,0.36648060241714119911,-1.10721469996497035027,-4.02634275704622268677,-4.01128628058359026909,-3.27134228823706507683,0.00000000000000000000],[-0.83505205949768424034,0.62394781829789280891,1.20533230016008019447,0.42029689904302358627,-1.33656560489907860756,1.19325384637340903282,0.37071202229708433151,-1.41693486412987112999,6.04605984361842274666,-2.15640994394198060036,-1.87505350913852453232,0.55004303250461816788,-1.28221224155277013779,-0.08408349473029375076,-1.10799856949597597122,-0.18789128679782152176,-0.26912097213789820671,-0.83515943028032779694,2.16965855658054351807,-1.96885203337296843529,0.00000000000000000000],[-0.82193154376000165939,-2.44386699842289090157,-2.79972342262044548988,-3.84478321019560098648,-1.14252014318481087685,-1.89663751702755689621,-2.67080721259117126465,-4.45264932839199900627,-2.15640994394198060036,4.01130358036607503891,2.75805535307154059410,-2.14830982172861695290,2.48039310611784458160,0.97596970666199922562,-2.58287580404430627823,-1.84979339176788926125,-0.55759135447442531586,-1.82746303593739867210,-0.74142621783539652824,3.10412414046004414558,0.00000000000000000000],[-1.18727972963824868202,-2.21508850948885083199,-2.99494082620367407799,-4.01795317512005567551,-1.46682717790827155113,-1.59206695668399333954,-2.82164528034627437592,-4.44234210718423128128,-1.87505350913852453232,2.75805535307154059410,4.03989128815010190010,-2.13917349511757493019,2.80345621053129434586,2.02098405268043279648,-2.25771518237888813019,-2.14947530347853899002,-1.25089938146993517876,-0.74915746506303548813,-0.00365959526970982552,1.84785937936976552010,0.00000000000000000000],[-0.41140875779092311859,2.70845349691808223724,0.83796209981665015221,0.51585252908989787102,-2.76324182096868753433,1.54966526059433817863,1.19699362618848681450,-1.12319828569889068604,0.55004303250461816788,-2.14830982172861695290,-2.13917349511757493019,3.24099303549155592918,-1.40710613830015063286,-3.28484350070357322693,-0.61455149250105023384,0.08769969316199421883,0.12489873310551047325,-3.48432990536093711853,-2.13496242556720972061,-1.73834324209019541740,0.00000000000000000000],[-0.68118470767512917519,-1.69852180313318967819,-2.18629368813708424568,-3.01022396422922611237,-0.90915452921763062477,-0.95105960220098495483,-1.97958027012646198273,-3.45197231322526931763,-1.28221224155277013779,2.48039310611784458160,2.80345621053129434586,-1.40710613830015063286,4.26133218966424465179,1.55944729270413517952,-2.44603153923526406288,-1.38074467889964580536,-0.61875310726463794708,-1.00747555214911699295,-0.21593208517879247665,1.61253747483715415001,0.00000000000000000000],[-2.30923570459708571434,-3.24205691413953900337,-3.05311928829178214073,-4.54712457954883575439,-0.77797491895034909248,-2.58777941297739744186,-3.91887326166033744812,-5.16062649758532643318,-0.08408349473029375076,0.97596970666199922562,2.02098405268043279648,-3.28484350070357322693,1.55944729270413517952,6.99959544790908694267,-3.77425346011295914650,-2.82445832854136824608,-2.19503444200381636620,3.61801333073526620865,5.08012750698253512383,0.12372992653399705887,0.00000000000000000000],[0.26304468652233481407,-0.94401023304089903831,-0.94928625645115971565,-0.73393168719485402107,-3.05601703049615025520,-0.21489586215466260910,-0.46037995861843228340,-1.56659184722229838371,-1.10799856949597597122,-2.58287580404430627823,-2.25771518237888813019,-0.61455149250105023384,-2.44603153923526406288,-3.77425346011295914650,7.58604401722550392151,0.35977679630741477013,0.10338496882468461990,-4.99461825704202055931,-3.11498249555006623268,-1.83595265448093414307,0.00000000000000000000],[1.07828460447490215302,-0.17734348075464367867,0.88752601575106382370,0.46199228987097740173,0.11205076007172465324,0.15089189447462558746,0.22567172814160585403,0.36648060241714119911,-0.18789128679782152176,-1.84979339176788926125,-2.14947530347853899002,0.08769969316199421883,-1.38074467889964580536,-2.82445832854136824608,0.35977679630741477013,2.17714415630325675011,1.45295679662376642227,-3.25744203664362430573,-1.86006266949698328972,-1.04197042947635054588,0.00000000000000000000],[0.59029849199578166008,-0.21763124037533998489,0.46819876413792371750,-0.00616750353947281837,-0.54675347777083516121,0.02692055562511086464,-0.08200072031468153000,-1.10721469996497035027,-0.26912097213789820671,-0.55759135447442531586,-1.25089938146993517876,0.12489873310551047325,-0.61875310726463794708,-2.19503444200381636620,0.10338496882468461990,1.45295679662376642227,2.51683041406795382500,-3.51910720858722925186,-1.91623839642852544785,0.03600820712745189667,0.00000000000000000000],[-3.60702478326857089996,-1.63405849970877170563,-3.63713937345892190933,-5.15697764186188578606,-1.01870910031720995903,-2.73006911203265190125,-4.33870307588949799538,-4.02634275704622268677,-0.83515943028032779694,-1.82746303593739867210,-0.74915746506303548813,-3.48432990536093711853,-1.00747555214911699295,3.61801333073526620865,-4.99461825704202055931,-3.25744203664362430573,-3.51910720858722925186,14.15194768924266099930,4.10903356224298477173,-2.58687554579228162766,0.00000000000000000000],[-2.24246904440224170685,-1.81598070543259382248,-1.44431900139898061752,-2.75913556106388568878,-0.48025808017700910568,-1.72945425519719719887,-2.72333158180117607117,-4.01128628058359026909,2.16965855658054351807,-0.74142621783539652824,-0.00365959526970982552,-2.13496242556720972061,-0.21593208517879247665,5.08012750698253512383,-3.11498249555006623268,-1.86006266949698328972,-1.91623839642852544785,4.10903356224298477173,7.76076449127867817879,-1.12035492109134793282,0.00000000000000000000],[0.09890567837283015251,-1.99382995953783392906,-2.24584485264495015144,-2.93779943743720650673,-0.02089546201750636101,-1.53804855421185493469,-1.90763099445030093193,-3.27134228823706507683,-1.96885203337296843529,3.10412414046004414558,1.84785937936976552010,-1.73834324209019541740,1.61253747483715415001,0.12372992653399705887,-1.83595265448093414307,-1.04197042947635054588,0.03600820712745189667,-2.58687554579228162766,-1.12035492109134793282,3.36145941400900483131,0.00000000000000000000],[0.00000000000000000000,0.00000000000000000000,0.00000000000000000000,0.00000000000000000000,0.00000000000000000000,0.00000000000000000000,0.00000000000000000000,0.00000000000000000000,0.00000000000000000000,0.00000000000000000000,0.00000000000000000000,0.00000000000000000000,0.00000000000000000000,0.00000000000000000000,0.00000000000000000000,0.00000000000000000000,0.00000000000000000000,0.00000000000000000000,0.00000000000000000000,0.00000000000000000000,0.00000000000000000000]]}
